
 Lista con valores aleatorios
n,tiempoMedio,repeticiones
 5000 ,0.00408604 , 245 
 10000 ,0.0347624 , 29 
 15000 ,0.200851 , 5 
 20000 ,1.1877 , 1 
 25000 ,1.97094 , 1 
 30000 ,3.01403 , 1 
 35000 ,4.2725 , 1 
 40000 ,5.73966 , 1 
 45000 ,7.47147 , 1 
 50000 ,9.37659 , 1 
 55000 ,11.5632 , 1 
 60000 ,13.9231 , 1 

 Lista ordenada en orden creciente
n,tiempoMedio,repeticiones
 5000 ,0.000130709 , 7651 
 10000 ,0.000282624 , 3539 
 15000 ,0.000426338 , 2346 
 20000 ,0.000568886 , 1758 
 25000 ,0.00071105 , 1407 
 30000 ,0.000854254 , 1171 
 35000 ,0.000996649 , 1004 
 40000 ,0.0011402 , 878 
 45000 ,0.00125823 , 795 
 50000 ,0.00135009 , 741 
 55000 ,0.00147311 , 679 
 60000 ,0.00157517 , 635 

 Lista ordenada en orden decreciente
n,tiempoMedio,repeticiones
 5000 ,0.00010722 , 9327 
 10000 ,0.000272336 , 3672 
 15000 ,0.000395816 , 2527 
 20000 ,0.000533708 , 1874 
 25000 ,0.000675585 , 1481 
 30000 ,0.000817989 , 1223 
 35000 ,0.000938918 , 1066 
 40000 ,0.0010294 , 972 
 45000 ,0.00113269 , 883 
 50000 ,0.00125116 , 800 
 55000 ,0.00135714 , 737 
 60000 ,0.00144124 , 694 
